execution_time_seconds: 4711.433012962341
overall_accuracy: 0.858701683003514
overall_metrics:
  f1_score:
    class_0: 0.9104127579737336
    class_1: 0.6657917760279966
  precision:
    class_0: 0.9442957917781561
    class_1: 0.5871913580246914
  recall:
    class_0: 0.8788770658818202
    class_1: 0.7686868686868686
  support:
    class_0: 4417
    class_1: 990
overall_model:
  F1Score:
    class_0: 0.9104127579737336
    class_1: 0.6657917760279966
  Precision:
    class_0: 0.9442957917781561
    class_1: 0.5871913580246914
  Recall:
    class_0: 0.8788770658818202
    class_1: 0.7686868686868686
  Support:
    class_0: 4417
    class_1: 990
  TestAccuracy: 0.858701683003514
  TrainAccuracy: 0.8168574401664932
  ValidationAccuracy: 0.816836262719704
